d_10=[1503
1503
1489
1499
1508
1517
1503
1522
1499
1452
1546
1503
1532
1517
1574
1517
1536
1546
1536
1560
1522
1541
1536
1532
1480
1569
1536
1527
1508
1564
1527
1522
1560
1536
1499
1494
1546
1527
1485
1457
1466
1550
1513
1532
1560
1593
1489
1527
1522
1513
1508
1499
1466
1494
1513
1517
1527
1499
1485
1550
1541
1602
1541
1503
1517
1546
1541
1560
1550
1546
1522
1536
1546
1536
1485
1527
1522
1611
1522
1499
1527
1499
1532
1522
1522
1494
1574
1489
1550
1480
1494
1485
1508
1452
1494
1503
1452
1480
1532
1499
6815
6824
6852
6843
6838
6852
6824
6876
6829
6857
6904
6824
6871
6834
6857
6838
6852
6862
6885
6852
6857
6838
6862
6876
6876
6895
6866
6885
6885
6862
6852
6871
6876
6890
6885
6852
6815
6852
6852
6866
6890
6852
6820
6871
6834
6857
6852
6871
6862
6871
6862
6834
6857
6852
6848
6843
6838
6862
6862
6838
6838
6871
6848
6890
6843
6871
6881
6852
6871
6885
6866
6890
6876
6890
6890
6871
6857
6848
6857
6829
6866
6848
6862
6876
6876
6876
6866
6848
6885
6871
6852
6843
6838
6852
6876
6843
6852
6857
6843
6834
11843
11885
11843
11862
11862
11857
11853
11839
11867
11871
11876
11857
11862
11853
11825
11876
11834
11876
11834
11839
11848
11876
11843
11871
11890
11815
11829
11862
11857
11900
11848
11829
11857
11871
11881
11848
11853
11871
11857
11862
11862
11857
11853
11853
11862
11857
11834
11871
11867
11857
11881
11843
11839
11876
11867
11867
11843
11862
11871
11857
11848
11839
11867
11885
11862
11890
11848
11900
11862
11825
11857
11862
11876
11853
11871
11885
11895
11862
11857
11848
11862
11857
11867
11834
11843
11876
11867
11853
11843
11848
11876
11876
11876
11843
11839
11871
11853
11876
11862
11853
17782
17782
17829
17778
17801
17815
17815
17801
17876
17857
17890
17946
17848
17801
17810
17820
17839
17857
17839
17993
17806
17843
17946
17820
17815
17717
17810
17759
17792
17778
17839
17815
17829
17810
17890
17918
17810
17829
17820
17806
17834
17787
17763
17792
17862
17796
17824
17834
17839
17815
17853
17848
17763
17839
17857
17848
17815
17801
17782
17796
17768
17843
17815
17824
17778
17763
17824
17829
17796
17810
17820
17820
17782
17806
17787
17815
17787
17834
17810
17773
17876
17862
17815
17867
17867
17885
17843
17749
17749
17754
17857
17778
17656
17890
17871
17778
17815
17824
17839
17857];
d_60=[1457
1410
1475
1452
1434
1457
1448
1438
1457
1452
1429
1391
1429
1457
1443
1438
1466
1475
1448
1438
1448
1434
1424
1452
1415
1443
1434
1499
1452
1457
1471
1434
1503
1466
1452
1420
1461
1429
1410
1415
1466
1415
1452
1406
1396
1471
1452
1438
1410
1410
1438
1466
1420
1475
1461
1415
1406
1443
1434
1420
1410
1452
1420
1457
1461
1410
1424
1457
1466
1457
1452
1452
1452
1485
1461
1452
1494
1434
1457
1457
1452
1471
1457
1457
1429
1452
1401
1438
1410
1448
1424
1452
1452
1410
1410
1457
1410
1424
1448
1448
6777
6744
6768
6759
6754
6754
6768
6787
6787
6787
6777
6796
6782
6773
6787
6744
6782
6763
6768
6763
6787
6801
6749
6754
6801
6759
6773
6773
6773
6759
6763
6782
6787
6749
6782
6782
6777
6749
6749
6740
6777
6759
6777
6749
6763
6801
6744
6730
6782
6801
6768
6773
6768
6773
6735
6735
6768
6773
6754
6759
6754
6773
6763
6754
6796
6759
6782
6768
6754
6768
6810
6773
6735
6773
6777
6787
6782
6754
6787
6735
6754
6730
6768
6773
6787
6754
6759
6773
6749
6768
6749
6796
6754
6796
6735
6763
6759
6749
6782
6763
11707
11740
11740
11717
11745
11703
11679
11707
11698
11726
11749
11721
11768
11717
11698
11754
11731
11707
11773
11684
11703
11721
11740
11745
11721
11754
11721
11754
11735
11731
11731
11670
11665
11721
11707
11740
11754
11712
11764
11740
11726
11703
11717
11707
11698
11717
11731
11698
11759
11717
11759
11726
11684
11688
11703
11693
11717
11707
11745
11745
11721
11731
11712
11712
11735
11740
11754
11707
11749
11773
11759
11698
11712
11749
11726
11703
11773
11848
11885
11839
11721
11778
11707
11749
11684
11735
11735
11698
11745
11731
11740
11731
11764
11749
11684
11745
11735
11679
11698
11726
17627
17632
17632
17707
17590
17571
17646
17656
17656
17585
17651
17637
17646
17674
17660
17688
17684
17688
17698
17613
17867
17660
17674
17604
17581
17618
17585
17731
17698
17590
17548
17590
17599
17656
17674
17576
17482
17623
17609
17599
17510
18011
18082
17646
17759
17693
17665
17684
17707
17534
17562
17632
17562
17623
17637
17688
17613
17609
17660
17707
17731
17604
17740
17665
17618
17637
17557
17632
17595
17745
17665
17674
17590
17637
17642
17735
17717
17627
17581
17590
17609
17637
17609
17637
17613
17613
17571
17637
17618
17656
17660
17651
17684
17670
17703
17754
17698
17656
17581
17670];
d_110=[1574
1466
1522
1522
1536
1513
1560
1546
1536
1550
1503
1536
1574
1513
1550
1503
1550
1550
1517
1564
1513
1503
1522
1583
1532
1527
1522
1532
1564
1536
1527
1517
1494
1569
1489
1499
1541
1588
1536
1593
1588
1471
1560
1569
1555
1517
1536
1593
1550
1550
1508
1550
1485
1564
1541
1546
1588
1569
1564
1546
1583
1532
1522
1541
1578
1508
1574
1513
1555
1517
1527
1546
1564
1508
1574
1536
1517
1522
1583
1541
1583
1499
1578
1494
1546
1503
1536
1569
1489
1555
1536
1527
1513
1499
1532
1522
1503
1522
1489
1508
6824
6810
6838
6824
6815
6838
6838
6801
6829
6820
6866
6810
6815
6815
6829
6810
6815
6820
6805
6829
6838
6801
6796
6824
6829
6857
6787
6820
6796
6810
6829
6815
6820
6829
6834
6829
6829
6810
6820
6801
6829
6824
6824
6796
6782
6843
6829
6829
6824
6838
6848
6805
6829
6791
6824
6829
6810
6838
6796
6834
6824
6824
6805
6843
6815
6829
6824
6824
6815
6820
6815
6824
6834
6801
6820
6838
6829
6820
6815
6815
6810
6805
6805
6815
6815
6810
6824
6829
6815
6820
6834
6848
6848
6805
6805
6834
6796
6805
6805
6829
11876
11862
11853
11857
11867
11881
11876
11843
11857
11895
11848
11867
11862
11881
11862
11848
11890
11867
11871
11862
11876
11862
11848
11885
11890
11871
11876
11885
11857
11876
11862
11876
11848
11857
11871
11867
11839
11867
11876
11871
11871
11862
11871
11871
11839
11932
11928
11956
11867
11839
11853
11871
11843
11853
11867
11857
11843
11885
11853
11862
11876
11862
11853
11862
11900
11848
11862
11876
11881
11857
11867
11871
11862
11848
11895
11857
11885
11857
11885
11881
11885
11867
11862
11862
11876
11843
11848
11900
11867
11853
11881
11881
11862
11876
11843
11867
11900
11862
11857
11867
17552
17562
17562
17576
17566
17566
17576
17552
17599
17599
17604
17599
17543
17581
17571
17566
17562
17599
17571
17581
17557
17599
17576
17590
17534
17618
17543
17566
17576
17571
17613
17557
17566
17576
17557
17562
17529
17534
17562
17552
17548
17581
17524
17548
17566
17576
17585
17552
17585
17585
17585
17520
17548
17581
17538
17552
17609
17557
17590
17529
17571
17571
17595
17543
17581
17552
17585
17576
17637
17426
17440
17571
17595
17557
17524
17585
17552
17590
17571
17552
17566
17520
17557
17552
17557
17548
17543
17538
17566
17585
17581
17529
17581
17590
17566
17548
17595
17543
17557
17609];
